[diiidSoftXray]
machine="diii-d"

nChannels=4

Rsxr=6.08864,6.08864,6.08864,6.08864

Zsxr=1.132,1.132,1.132,1.132

PhiSxr=0,0,0,0

AngSxr=181.701,184.642,187.853,192.718
